0.00693301	0.00693886	0.00695642	0.00698579	0.00702712	0.00708062	0.00714655	0.00722526	0.00731715	0.0074227	0.00754246	0.00767706	0.00782721	0.00799371	0.00817748	0.00837951	0.00860092	0.00884295	0.00910697	0.00939449	0.00970719	0.0100469	0.0104156	0.0108156	0.0112493	0.0117193	0.0122286	0.0127805	0.0133783	0.014026	0.0147278	0.0154882	0.0163123	0.0172054	0.0181735	0.0192229	0.0203607	0.0215942	0.0229316	0.0243815	0.025953	0.0276561	0.029501	0.0314988	0.0336609	0.0359989	0.0385252	0.0412518	0.044191	0.0473549	0.0507548	0.0544013	0.0583037	0.0624697	0.0669049	0.0716121	0.0765911	0.0818378	0.087344	0.0930968	0.099078	0.105264	0.111627	0.118131	0.124737	0.131401	0.138075	0.144708	0.151247	0.157641	0.163837	0.169787	0.175449	0.180784	0.185763	0.190366	0.194584	0.198421	0.201896	0.205042	0.20792	0.210613	0.213247	0.216003	0.219147	0.223076	0.228403	0.23609	0.247691	0.265773	0.294627	0.341447	0.417965	0.541663	0.732777	0.998952	1.30726	1.58103	1.7543	1.810860.00693886	0.00694471	0.0069623	0.00699172	0.00703311	0.00708668	0.00715271	0.00723154	0.00732357	0.00742928	0.00754922	0.00768402	0.00783441	0.00800118	0.00818524	0.0083876	0.00860938	0.00885182	0.0091163	0.00940433	0.00971759	0.0100579	0.0104274	0.0108281	0.0112626	0.0117336	0.012244	0.012797	0.0133962	0.0140454	0.0147488	0.0155111	0.0163372	0.0172326	0.0182033	0.0192557	0.0203967	0.0216339	0.0229754	0.0244299	0.0260067	0.0277157	0.0295674	0.0315727	0.0337432	0.0360908	0.0386278	0.0413666	0.0443194	0.0474986	0.0509156	0.0545813	0.0585052	0.0626951	0.0671569	0.0718935	0.0769049	0.0821872	0.0877324	0.0935275	0.0995546	0.10579	0.112205	0.118765	0.12543	0.132155	0.138893	0.145591	0.152197	0.158658	0.164921	0.170937	0.176663	0.18206	0.187099	0.191758	0.196029	0.199915	0.203435	0.206624	0.20954	0.212273	0.214947	0.217749	0.220951	0.224962	0.230412	0.238301	0.250245	0.268929	0.298873	0.347713	0.427998	0.558573	0.761259	1.04353	1.36743	1.64908	1.82242	1.877810.00695642	0.0069623	0.00697997	0.00700951	0.00705108	0.0071049	0.00717122	0.0072504	0.00734285	0.00744904	0.00756953	0.00770497	0.00785606	0.00802363	0.00820859	0.00841194	0.00863483	0.00887851	0.00914436	0.00943392	0.00974888	0.0100911	0.0104626	0.0108657	0.0113028	0.0117767	0.0122903	0.0128469	0.01345	0.0141037	0.014812	0.0155799	0.0164122	0.0173146	0.0182931	0.0193543	0.0205052	0.0217535	0.0231075	0.0245761	0.0261688	0.0278957	0.0297675	0.0317956	0.0339918	0.0363684	0.038938	0.0417135	0.0447077	0.0479334	0.0514025	0.0551266	0.0591157	0.0633784	0.0679209	0.0727471	0.0778573	0.0832483	0.0889124	0.0948369	0.101004	0.10739	0.113966	0.120697	0.127543	0.134457	0.14139	0.148289	0.155099	0.161766	0.168235	0.174455	0.180379	0.185969	0.191191	0.196025	0.200459	0.204496	0.208156	0.211475	0.214515	0.217367	0.220167	0.223111	0.226495	0.230762	0.236607	0.245139	0.258186	0.278825	0.312349	0.367897	0.46087	0.614877	0.85699	1.19239	1.5621	1.85776	2.02056	2.068180.00698579	0.00699172	0.00700951	0.00703927	0.00708115	0.00713536	0.00720218	0.00728195	0.0073751	0.0074821	0.00760352	0.00774	0.00789229	0.00806119	0.00824765	0.00845268	0.00867743	0.00892319	0.00919135	0.00948347	0.00980128	0.0101467	0.0105217	0.0109287	0.0113702	0.0118489	0.0123679	0.0129304	0.0135403	0.0142014	0.0149182	0.0156954	0.0165382	0.0174523	0.0184441	0.01952	0.0206876	0.0219548	0.0233299	0.0248224	0.0264419	0.0281991	0.0301052	0.0321719	0.0344117	0.0368375	0.0394626	0.0423007	0.0453654	0.0486703	0.0522285	0.0560524	0.0601532	0.0645405	0.0692218	0.0742019	0.0794823	0.0850605	0.0909298	0.097078	0.103488	0.110135	0.116991	0.12402	0.13118	0.138423	0.145697	0.152948	0.160118	0.167146	0.173977	0.180555	0.18683	0.192759	0.198306	0.203447	0.20817	0.212476	0.216385	0.219935	0.223194	0.22626	0.229284	0.232486	0.236199	0.240938	0.247517	0.257267	0.272431	0.296901	0.337593	0.406929	0.526707	0.731219	1.05727	1.4939	1.91889	2.1851	2.2868	2.307010.00702712	0.00703311	0.00705108	0.00708115	0.00712346	0.00717823	0.00724575	0.00732636	0.00742048	0.00752863	0.00765136	0.00778933	0.0079433	0.00811409	0.00830266	0.00851006	0.00873746	0.00898615	0.00925757	0.00955333	0.00987517	0.010225	0.0106051	0.0110176	0.0114652	0.0119508	0.0124774	0.0130485	0.0136679	0.0143397	0.0150683	0.0158588	0.0167166	0.0176475	0.0186581	0.0197552	0.0209466	0.0222406	0.023646	0.0251726	0.0268306	0.0286314	0.0305866	0.0327088	0.0350114	0.0375082	0.0402134	0.0431419	0.0463087	0.0497285	0.0534161	0.0573853	0.0616489	0.0662184	0.0711028	0.0763086	0.0818391	0.0876931	0.0938653	0.100345	0.107114	0.11415	0.121424	0.128897	0.136527	0.144265	0.152054	0.159835	0.167547	0.175125	0.182506	0.189629	0.196439	0.202886	0.208931	0.214544	0.21971	0.224429	0.228721	0.232629	0.236225	0.239623	0.242996	0.246603	0.250845	0.256352	0.264151	0.27597	0.294827	0.326183	0.380236	0.476358	0.650385	0.958987	1.44546	2.00945	2.37675	2.45403	2.40593	2.375790.00708062	0.00708668	0.0071049	0.00713536	0.00717823	0.00723373	0.00730215	0.00738385	0.00747926	0.00758889	0.00771332	0.00785323	0.00800939	0.00818265	0.00837398	0.00858446	0.00881529	0.00906781	0.00934349	0.00964398	0.00997109	0.0103268	0.0107133	0.0111331	0.0115888	0.0120834	0.01262	0.0132023	0.0138341	0.0145199	0.0152641	0.0160721	0.0169495	0.0179025	0.0189378	0.0200629	0.0212858	0.0226152	0.0240606	0.0256324	0.0273416	0.0292001	0.0312208	0.0334171	0.0358035	0.0383951	0.0412077	0.0442577	0.0475617	0.0511365	0.0549989	0.0591649	0.0636497	0.0684671	0.0736288	0.0791437	0.0850174	0.0912513	0.0978419	0.10478	0.11205	0.119628	0.127485	0.135583	0.143877	0.152312	0.160831	0.169368	0.177854	0.186219	0.19439	0.2023	0.209882	0.217082	0.223849	0.23015	0.235963	0.241286	0.246139	0.25057	0.254663	0.258552	0.262444	0.266664	0.271721	0.278445	0.288231	0.303532	0.328837	0.372757	0.452509	0.603282	0.893473	1.41834	2.13515	2.60517	2.56923	2.33777	2.15974	2.098250.00714655	0.00715271	0.00717122	0.00720218	0.00724575	0.00730215	0.00737169	0.00745474	0.00755174	0.00766321	0.00778976	0.00793208	0.00809095	0.00826726	0.00846202	0.00867633	0.00891143	0.00916871	0.0094497	0.00975609	0.0100897	0.0104528	0.0108474	0.0112762	0.011742	0.0122477	0.0127969	0.0133932	0.0140406	0.0147438	0.0155077	0.0163377	0.0172398	0.0182205	0.0192871	0.0204474	0.02171	0.0230842	0.0245804	0.0262096	0.0279838	0.0299159	0.03202	0.034311	0.0368049	0.0395183	0.0424692	0.0456759	0.0491576	0.0529336	0.0570235	0.0614464	0.0662209	0.0713641	0.0768914	0.0828153	0.0891451	0.0958856	0.103037	0.110591	0.118536	0.12685	0.135502	0.144455	0.153659	0.163059	0.172589	0.182178	0.191747	0.201216	0.210502	0.219525	0.228206	0.236478	0.244279	0.251566	0.25831	0.264505	0.270169	0.275358	0.280171	0.284775	0.289436	0.294579	0.3009	0.309573	0.322674	0.344036	0.381161	0.449585	0.583278	0.857666	1.41505	2.30456	2.88695	2.65853	2.21074	1.89177	1.72096	1.668120.00722526	0.00723154	0.0072504	0.00728195	0.00732636	0.00738385	0.00745474	0.00753942	0.00763833	0.00775201	0.0078811	0.00802631	0.00818846	0.00836846	0.00856734	0.00878627	0.00902653	0.00928955	0.00957693	0.00989044	0.010232	0.0106039	0.0110083	0.0114481	0.011926	0.0124454	0.0130097	0.013623	0.0142895	0.015014	0.0158018	0.0166586	0.0175908	0.0186056	0.0197105	0.020914	0.0222254	0.023655	0.0252138	0.026914	0.0287687	0.0307924	0.0330004	0.0354096	0.0380379	0.0409043	0.0440292	0.0474339	0.0511407	0.0551724	0.0595526	0.0643046	0.0694515	0.0750154	0.0810168	0.0874735	0.0944001	0.101807	0.109698	0.118072	0.126919	0.13622	0.145946	0.156059	0.166507	0.177231	0.188158	0.199207	0.21029	0.22131	0.23217	0.242771	0.253019	0.262826	0.272115	0.280826	0.288919	0.296378	0.303222	0.309516	0.315385	0.321045	0.326855	0.333416	0.34175	0.353675	0.372588	0.405231	0.465946	0.587641	0.850533	1.43963	2.53036	3.24982	2.76543	2.11864	1.71102	1.48544	1.37287	1.338680.00731715	0.00732357	0.00734285	0.0073751	0.00742048	0.00747926	0.00755174	0.00763833	0.00773949	0.00785579	0.00798788	0.0081365	0.0083025	0.00848684	0.0086906	0.00891498	0.00916133	0.00943114	0.00972609	0.010048	0.010399	0.0107813	0.0111974	0.0116501	0.0121426	0.0126782	0.0132606	0.0138941	0.0145833	0.0153333	0.0161496	0.0170386	0.0180071	0.0190627	0.0202138	0.0214695	0.02284	0.0243366	0.0259715	0.0277581	0.0297111	0.0318467	0.0341824	0.0367371	0.0395314	0.0425873	0.0459286	0.0495803	0.0535691	0.0579225	0.0626694	0.0678391	0.0734611	0.0795643	0.0861766	0.0933237	0.101028	0.109308	0.118177	0.127638	0.13769	0.148319	0.1595	0.171195	0.183353	0.195909	0.208783	0.221882	0.235103	0.24833	0.261445	0.274323	0.286844	0.298892	0.310363	0.321173	0.331261	0.340597	0.349199	0.357142	0.364591	0.371844	0.379424	0.388242	0.399941	0.417631	0.447568	0.503348	0.617319	0.873935	1.49867	2.83137	3.74042	2.94349	2.11513	1.64861	1.39626	1.25866	1.18926	1.1680.0074227	0.00742928	0.00744904	0.0074821	0.00752863	0.00758889	0.00766321	0.00775201	0.00785579	0.00797512	0.00811069	0.00826327	0.00843376	0.00862315	0.00883257	0.0090633	0.00931673	0.00959446	0.00989823	0.01023	0.0105919	0.0109865	0.0114162	0.0118842	0.0123936	0.0129482	0.0135519	0.0142092	0.0149252	0.0157052	0.0165554	0.0174825	0.0184939	0.0195981	0.0208041	0.0221221	0.0235634	0.0251403	0.0268667	0.0287575	0.0308294	0.0331008	0.0355918	0.0383242	0.041322	0.0446112	0.0482199	0.0521783	0.0565187	0.0612754	0.0664844	0.0721833	0.0784105	0.085205	0.0926055	0.100649	0.109371	0.118802	0.128966	0.139883	0.15156	0.163995	0.17717	0.191054	0.205598	0.220732	0.236371	0.252409	0.268721	0.285168	0.3016	0.317855	0.333773	0.349194	0.363973	0.377984	0.391128	0.403353	0.414664	0.425157	0.435057	0.444807	0.455225	0.467831	0.485552	0.514379	0.567586	0.677667	0.933995	1.60315	3.23571	4.43978	3.26284	2.24053	1.71448	1.43775	1.28325	1.19574	1.15039	1.13630.00754246	0.00754922	0.00756953	0.00760352	0.00765136	0.00771332	0.00778976	0.0078811	0.00798788	0.00811069	0.00825025	0.00840739	0.00858303	0.00877822	0.00899417	0.0092322	0.00949381	0.00978066	0.0100946	0.0104377	0.0108124	0.011221	0.0116666	0.0121522	0.0126813	0.013258	0.0138865	0.0145716	0.0153188	0.016134	0.0170238	0.0179957	0.0190577	0.0202192	0.0214902	0.0228821	0.0244074	0.0260801	0.0279157	0.0299315	0.0321465	0.034582	0.0372612	0.0402099	0.0434566	0.0470322	0.050971	0.0553099	0.060089	0.0653516	0.071144	0.0775153	0.084517	0.0922025	0.100627	0.109844	0.119909	0.130871	0.142778	0.155669	0.169573	0.184507	0.200472	0.217451	0.235403	0.254266	0.273946	0.294327	0.31526	0.336574	0.358073	0.379543	0.400758	0.421491	0.441522	0.460652	0.478717	0.495612	0.511318	0.52595	0.539841	0.553698	0.568931	0.588356	0.617881	0.670867	0.780862	1.04392	1.77187	3.78585	5.49625	3.83936	2.55879	1.94318	1.62684	1.44908	1.34388	1.28175	1.24869	1.23830.00767706	0.00768402	0.00770497	0.00774	0.00778933	0.00785323	0.00793208	0.00802631	0.0081365	0.00826327	0.00840739	0.00856971	0.00875122	0.00895305	0.00917644	0.00942282	0.00969376	0.00999105	0.0103167	0.0106728	0.011062	0.0114869	0.0119506	0.0124565	0.0130085	0.0136107	0.0142678	0.0149852	0.0157687	0.0166248	0.0175608	0.0185849	0.0197062	0.020935	0.0222825	0.0237616	0.0253864	0.0271728	0.0291388	0.0313041	0.033691	0.0363243	0.0392315	0.0424436	0.0459947	0.0499227	0.0542697	0.059082	0.0644106	0.0703112	0.0768447	0.0840766	0.0920775	0.100923	0.110691	0.121465	0.133328	0.146365	0.160657	0.176281	0.193306	0.211787	0.231764	0.253252	0.276242	0.300688	0.326511	0.353587	0.381748	0.410782	0.440434	0.470407	0.500376	0.529993	0.558907	0.58678	0.613317	0.638295	0.661625	0.683437	0.704248	0.725299	0.749297	0.782193	0.837857	0.952028	1.23039	2.03848	4.54565	7.19791	4.91453	3.2164	2.43764	2.04462	1.82355	1.69001	1.60676	1.55583	1.52814	1.519330.00782721	0.00783441	0.00785606	0.00789229	0.0079433	0.00800939	0.00809095	0.00818846	0.0083025	0.00843376	0.00858303	0.00875122	0.0089394	0.00914874	0.00938058	0.00963644	0.009918	0.0102272	0.0105661	0.0109371	0.0113428	0.0117863	0.0122708	0.0128001	0.0133782	0.0140097	0.0146999	0.0154545	0.0162799	0.0171834	0.0181731	0.0192582	0.0204487	0.0217562	0.0231936	0.0247754	0.0265179	0.0284394	0.0305607	0.0329049	0.0354984	0.0383705	0.0415546	0.045088	0.0490127	0.0533759	0.0582304	0.0636355	0.0696572	0.076369	0.0838526	0.0921981	0.101505	0.11188	0.123442	0.136317	0.150637	0.166544	0.184181	0.203695	0.225227	0.248912	0.27487	0.303196	0.333958	0.367177	0.402827	0.440816	0.480982	0.523081	0.566789	0.611694	0.657304	0.703062	0.748361	0.792576	0.835109	0.875451	0.913293	0.948709	0.982533	1.01717	1.05857	1.12146	1.24517	1.5495	2.46725	5.60773	10.1239	7.10168	4.60857	3.4907	2.93376	2.62085	2.42983	2.30747	2.22797	2.17795	2.15026	2.141390.00799371	0.00800118	0.00802363	0.00806119	0.00811409	0.00818265	0.00826726	0.00836846	0.00848684	0.00862315	0.00877822	0.00895305	0.00914874	0.00936656	0.00960795	0.00987453	0.0101681	0.0104908	0.0108447	0.0112326	0.0116573	0.0121219	0.0126301	0.013186	0.013794	0.0144592	0.0151874	0.0159848	0.0168586	0.017817	0.018869	0.0200249	0.0212961	0.0226959	0.0242388	0.0259417	0.0278234	0.0299054	0.032212	0.0347707	0.0376131	0.0407747	0.0442962	0.0482236	0.0526095	0.0575137	0.063004	0.0691577	0.0760623	0.0838173	0.092535	0.102342	0.113382	0.125815	0.13982	0.155594	0.173358	0.19335	0.21583	0.241072	0.269369	0.30102	0.336323	0.375569	0.419024	0.466912	0.519394	0.576547	0.638332	0.704573	0.774925	0.848858	0.925637	1.00432	1.08377	1.16268	1.23968	1.3134	1.38273	1.44724	1.50816	1.57063	1.64991	1.79022	2.13157	3.19221	7.08801	15.2943	12.3179	8.06477	6.09751	5.12089	4.57315	4.23718	4.0188	3.87246	3.77428	3.71111	3.67565	3.664210.00817748	0.00818524	0.00820859	0.00824765	0.00830266	0.00837398	0.00846202	0.00856734	0.0086906	0.00883257	0.00899417	0.00917644	0.00938058	0.00960795	0.0098601	0.0101388	0.0104459	0.0107838	0.0111548	0.0115618	0.0120079	0.0124966	0.0130318	0.0136181	0.0142603	0.014964	0.0157357	0.0165823	0.017512	0.0185339	0.0196581	0.0208963	0.0222618	0.0237695	0.0254366	0.0272824	0.0293291	0.0316022	0.0341305	0.0369475	0.0400911	0.0436052	0.0475402	0.0519541	0.0569138	0.0624965	0.0687914	0.0759013	0.0839453	0.0930612	0.103408	0.11517	0.128559	0.143821	0.161237	0.181131	0.203876	0.229893	0.259664	0.293728	0.332691	0.377221	0.428048	0.485955	0.551764	0.626314	0.710423	0.804843	0.910198	1.0269	1.15505	1.29435	1.44394	1.60232	1.76721	1.93551	2.10328	2.26589	2.41846	2.55691	2.68081	2.80116	2.96419	3.33425	4.52798	9.05585	22.658	27.3978	19.9167	15.2007	12.7283	11.3248	10.4593	9.89181	9.50485	9.23625	9.05134	8.93015	8.86133	8.838990.00837951	0.0083876	0.00841194	0.00845268	0.00851006	0.00858446	0.00867633	0.00878627	0.00891498	0.0090633	0.0092322	0.00942282	0.00963644	0.00987453	0.0101388	0.010431	0.0107535	0.0111085	0.0114988	0.0119274	0.0123978	0.0129138	0.0134797	0.0141005	0.0147817	0.0155296	0.0163512	0.0172545	0.0182486	0.0193438	0.0205518	0.0218859	0.0233615	0.0249959	0.0268091	0.0288241	0.0310671	0.0335686	0.0363637	0.0394929	0.0430033	0.0469496	0.0513955	0.0564153	0.0620959	0.0685392	0.0758647	0.0842134	0.0937512	0.104674	0.117215	0.131648	0.148302	0.167564	0.189898	0.215857	0.246099	0.28141	0.322727	0.371166	0.428055	0.494966	0.573758	0.666611	0.776064	0.905043	1.05687	1.23522	1.44409	1.68761	1.96976	2.29395	2.66239	3.07511	3.52874	4.01495	4.51865	5.0162	5.47449	5.85274	6.1128	6.25504	6.43451	7.33467	11.2667	23.8046	46.7349	62.3791	63.7736	60.2553	56.5885	53.7027	51.554	49.9638	48.7843	47.9139	47.2869	46.8625	46.6163	46.53560.00860092	0.00860938	0.00863483	0.00867743	0.00873746	0.00881529	0.00891143	0.00902653	0.00916133	0.00931673	0.00949381	0.00969376	0.009918	0.0101681	0.0104459	0.0107535	0.0110931	0.0114675	0.0118795	0.0123325	0.0128304	0.0133773	0.0139782	0.0146384	0.0153641	0.0161625	0.0170413	0.0180098	0.0190782	0.0202584	0.0215637	0.0230098	0.0246143	0.0263978	0.0283838	0.0305997	0.0330772	0.0358533	0.0389708	0.0424803	0.0464406	0.0509212	0.0560042	0.0617866	0.0683838	0.0759333	0.0845997	0.0945806	0.106114	0.119489	0.135056	0.153242	0.174572	0.199691	0.229399	0.264688	0.306799	0.357289	0.418123	0.491795	0.581486	0.691271	0.826403	0.993683	1.20195	1.46275	1.79115	2.2069	2.73569	3.4108	4.27459	5.37939	6.78649	8.56031	10.753	13.3715	16.3194	19.311	21.7846	22.8981	21.7913	18.3613	14.3201	12.699	14.7854	18.9941	23.2993	26.7628	29.2726	31.0151	32.2118	33.0398	33.6231	34.0431	34.3513	34.5788	34.7439	34.8568	34.923	34.94480.00884295	0.00885182	0.00887851	0.00892319	0.00898615	0.00906781	0.00916871	0.00928955	0.00943114	0.00959446	0.00978066	0.00999105	0.0102272	0.0104908	0.0107838	0.0111085	0.0114675	0.0118636	0.0123001	0.0127807	0.0133097	0.0138917	0.0145322	0.0152373	0.016014	0.0168701	0.0178148	0.0188583	0.0200127	0.0212914	0.0227102	0.0242872	0.0260432	0.0280027	0.0301939	0.0326498	0.035409	0.038517	0.0420273	0.0460033	0.0505204	0.0556683	0.0615548	0.0683094	0.0760887	0.0850831	0.0955252	0.107701	0.121963	0.138752	0.158616	0.182251	0.210539	0.24461	0.285928	0.336404	0.398561	0.475767	0.572581	0.695252	0.85248	1.05659	1.32536	1.68497	2.17492	2.85624	3.82604	5.24343	7.3774	10.6954	16.0218	24.7724	39.027	60.1266	83.3199	95.4548	91.7751	82.1196	74.9157	71.5999	61.249	30.1477	11.9971	7.61775	6.73505	6.55906	6.50994	6.4722	6.42858	6.38134	6.33486	6.29226	6.25521	6.22428	6.19939	6.18013	6.16593	6.15624	6.15062	6.148790.00910697	0.0091163	0.00914436	0.00919135	0.00925757	0.00934349	0.0094497	0.00957693	0.00972609	0.00989823	0.0100946	0.0103167	0.0105661	0.0108447	0.0111548	0.0114988	0.0118795	0.0123001	0.0127643	0.0132761	0.0138403	0.0144621	0.0151477	0.015904	0.0167388	0.0176612	0.0186816	0.0198119	0.0210659	0.0224593	0.0240107	0.0257413	0.0276762	0.0298445	0.0322805	0.0350246	0.0381244	0.0416368	0.0456294	0.0501835	0.0553969	0.0613881	0.0683015	0.0763139	0.0856435	0.0965611	0.109406	0.124604	0.142701	0.164392	0.190583	0.222459	0.261596	0.310111	0.370897	0.447974	0.547027	0.67628	0.847911	1.08047	1.40316	1.86368	2.54361	3.59007	5.28609	8.21954	13.7218	25.0383	49.5056	88.9681	92.158	58.7826	35.9003	24.0316	17.6907	14.1427	12.2159	11.5176	12.3454	16.6699	25.1462	9.44631	4.08624	3.05022	2.7353	2.5925	2.50613	2.44434	2.39636	2.35776	2.32633	2.3007	2.27993	2.26327	2.25013	2.24002	2.23256	2.22744	2.22445	2.223470.00939449	0.00940433	0.00943392	0.00948347	0.00955333	0.00964398	0.00975609	0.00989044	0.010048	0.01023	0.0104377	0.0106728	0.0109371	0.0112326	0.0115618	0.0119274	0.0123325	0.0127807	0.0132761	0.0138232	0.0144273	0.0150944	0.0158314	0.0166461	0.0175475	0.0185462	0.0196539	0.0208846	0.0222543	0.0237816	0.0254885	0.0274004	0.0295474	0.0319648	0.0346948	0.0377873	0.0413022	0.0453114	0.0499022	0.0551802	0.0612752	0.0683467	0.0765928	0.0862613	0.0976644	0.1112	0.127378	0.146864	0.170528	0.199535	0.235456	0.280451	0.337543	0.411054	0.507308	0.635823	0.81138	1.05783	1.4154	1.95585	2.81598	4.27991	7.00529	12.7382	26.8533	64.4149	98.3236	54.8629	27.0492	15.655	10.3521	7.52459	5.86319	4.82603	4.16602	3.77169	3.62065	3.81839	4.91372	9.58208	6.67062	2.37439	1.64008	1.42459	1.32776	1.27065	1.23117	1.20142	1.17799	1.15912	1.14378	1.13129	1.12115	1.11299	1.10652	1.10152	1.09781	1.09525	1.09375	1.093250.00970719	0.00971759	0.00974888	0.00980128	0.00987517	0.00997109	0.0100897	0.010232	0.010399	0.0105919	0.0108124	0.011062	0.0113428	0.0116573	0.0120079	0.0123978	0.0128304	0.0133097	0.0138403	0.0144273	0.0150767	0.0157952	0.0165908	0.0174724	0.0184504	0.0195368	0.0207455	0.0220928	0.0235976	0.025282	0.0271721	0.0292988	0.0316987	0.0344152	0.0375006	0.0410178	0.045043	0.0496689	0.0550095	0.0612056	0.0684324	0.07691	0.0869172	0.0988109	0.113053	0.130247	0.151194	0.176974	0.209061	0.249511	0.301249	0.368537	0.457755	0.578776	0.747454	0.990445	1.35512	1.93171	2.90792	4.7224	8.57334	18.4852	50.25	99.448	48.0628	20.5605	11.0781	7.01063	4.92877	3.72716	2.97423	2.47566	2.13501	1.90228	1.75428	1.69125	1.75674	2.15769	4.12059	4.55483	1.48174	0.98773	0.847905	0.785488	0.748824	0.7236	0.704663	0.689757	0.677724	0.667884	0.659797	0.653152	0.647716	0.643311	0.639796	0.637059	0.635016	0.633602	0.632771	0.6324970.0100469	0.0100579	0.0100911	0.0101467	0.010225	0.0103268	0.0104528	0.0106039	0.0107813	0.0109865	0.011221	0.0114869	0.0117863	0.0121219	0.0124966	0.0129138	0.0133773	0.0138917	0.0144621	0.0150944	0.0157952	0.0165725	0.0174351	0.0183934	0.0194594	0.0206473	0.0219732	0.0234564	0.0251194	0.0269887	0.029096	0.0314787	0.034182	0.0372602	0.0407789	0.0448185	0.0494773	0.0548772	0.0611702	0.0685472	0.077251	0.0875927	0.0999763	0.114932	0.133168	0.15564	0.183665	0.219092	0.264577	0.32403	0.403388	0.511983	0.665112	0.889156	1.23256	1.79165	2.77904	4.73504	9.33522	23.4234	76.032	71.6714	24.5312	11.1743	6.39921	4.21109	3.03334	2.32754	1.87176	1.56144	1.34245	1.185	1.07259	0.997656	0.962006	0.987056	1.17044	2.12288	3.13216	0.97946	0.643951	0.55144	0.510123	0.48572	0.468841	0.456103	0.446018	0.437821	0.431064	0.425456	0.420794	0.416926	0.413737	0.411133	0.409043	0.407406	0.406179	0.405326	0.404823	0.4046570.0104156	0.0104274	0.0104626	0.0105217	0.0106051	0.0107133	0.0108474	0.0110083	0.0111974	0.0114162	0.0116666	0.0119506	0.0122708	0.0126301	0.0130318	0.0134797	0.0139782	0.0145322	0.0151477	0.0158314	0.0165908	0.0174351	0.0183744	0.019421	0.0205887	0.0218942	0.0233566	0.0249989	0.0268481	0.0289364	0.0313023	0.0339922	0.0370624	0.0405814	0.0446331	0.0493216	0.0547764	0.0611604	0.0686804	0.0776019	0.0882695	0.101136	0.116806	0.136098	0.160141	0.190525	0.229539	0.28057	0.348783	0.442353	0.574795	0.769672	1.0709	1.56757	2.46208	4.29173	8.84732	24.4613	88.1565	51.6659	16.6557	7.76841	4.52561	3.00725	2.17667	1.67272	1.34385	1.11758	0.955802	0.837068	0.748813	0.6838	0.638763	0.615106	0.624644	0.720262	1.24079	2.20221	0.678	0.445178	0.382101	0.353751	0.33682	0.324988	0.315976	0.308781	0.302883	0.297978	0.293868	0.290416	0.287517	0.285092	0.283078	0.281424	0.280088	0.279037	0.278246	0.277694	0.277369	0.2772610.0108156	0.0108281	0.0108657	0.0109287	0.0110176	0.0111331	0.0112762	0.0114481	0.0116501	0.0118842	0.0121522	0.0124565	0.0128001	0.013186	0.0136181	0.0141005	0.0146384	0.0152373	0.015904	0.0166461	0.0174724	0.0183934	0.019421	0.0205693	0.0218549	0.0232972	0.0249194	0.0267488	0.0288183	0.0311672	0.0338433	0.0369045	0.0404218	0.044483	0.0491971	0.0547011	0.0611687	0.0688222	0.0779499	0.08893	0.102266	0.11864	0.138989	0.164632	0.197464	0.240286	0.29736	0.375427	0.485609	0.647282	0.896529	1.30655	2.04381	3.55212	7.32914	20.6634	84.8082	47.3141	14.0722	6.39513	3.67595	2.41979	1.73784	1.32598	1.05792	0.873627	0.741623	0.644159	0.570682	0.514751	0.472549	0.442358	0.425112	0.427864	0.481979	0.791532	1.58829	0.487287	0.322035	0.277739	0.257608	0.245408	0.236767	0.230113	0.224749	0.220312	0.216591	0.213444	0.210776	0.208512	0.206595	0.204981	0.203631	0.202517	0.201613	0.200899	0.20036	0.199983	0.19976	0.1996870.0112493	0.0112626	0.0113028	0.0113702	0.0114652	0.0115888	0.011742	0.011926	0.0121426	0.0123936	0.0126813	0.0130085	0.0133782	0.013794	0.0142603	0.0147817	0.0153641	0.016014	0.0167388	0.0175475	0.0184504	0.0194594	0.0205887	0.0218549	0.0232775	0.0248798	0.0266896	0.0287403	0.0310719	0.0337332	0.036784	0.0402974	0.0443646	0.0490995	0.0546461	0.0611884	0.0689638	0.0782829	0.0895577	0.103343	0.1204	0.141791	0.16904	0.204378	0.251187	0.314767	0.403789	0.533203	0.73049	1.05053	1.61556	2.74256	5.46078	14.557	64.4724	56.3221	14.3527	6.03837	3.33296	2.13863	1.50807	1.13433	0.89427	0.730751	0.614337	0.528614	0.463864	0.414088	0.375508	0.345833	0.324019	0.310661	0.310209	0.342488	0.538077	1.17357	0.361326	0.241564	0.209615	0.194876	0.185785	0.17925	0.174157	0.170009	0.166548	0.163621	0.161125	0.15899	0.157162	0.155599	0.154267	0.153139	0.152191	0.151405	0.150764	0.150257	0.149872	0.149603	0.149444	0.1493910.0117193	0.0117336	0.0117767	0.0118489	0.0119508	0.0120834	0.0122477	0.0124454	0.0126782	0.0129482	0.013258	0.0136107	0.0140097	0.0144592	0.014964	0.0155296	0.0161625	0.0168701	0.0176612	0.0185462	0.0195368	0.0206473	0.0218942	0.0232972	0.0248798	0.02667	0.0287015	0.0310151	0.0336607	0.0366991	0.040206	0.0442753	0.0490255	0.0546072	0.0612139	0.0690975	0.0785902	0.0901369	0.104344	0.122051	0.144454	0.173287	0.21115	0.262072	0.332548	0.433585	0.584996	0.825289	1.23726	2.02532	3.80685	9.14949	36.1109	84.0516	17.889	6.50589	3.3402	2.05298	1.40619	1.03521	0.802408	0.64652	0.536931	0.456953	0.396864	0.350705	0.314688	0.286374	0.264251	0.247608	0.236816	0.234798	0.254681	0.383907	0.88605	0.275112	0.186695	0.163096	0.152006	0.145031	0.139937	0.135917	0.132611	0.129828	0.127456	0.125418	0.123661	0.122145	0.120837	0.119712	0.118748	0.117927	0.117235	0.116658	0.116187	0.115812	0.115528	0.115329	0.11521	0.1151710.0122286	0.012244	0.0122903	0.0123679	0.0124774	0.01262	0.0127969	0.0130097	0.0132606	0.0135519	0.0138865	0.0142678	0.0146999	0.0151874	0.0157357	0.0163512	0.0170413	0.0178148	0.0186816	0.0196539	0.0207455	0.0219732	0.0233566	0.0249194	0.0266896	0.0287015	0.0309963	0.0336246	0.0366487	0.0401459	0.0442129	0.0489723	0.0545806	0.0612402	0.0692164	0.0788619	0.0906533	0.105246	0.123562	0.146925	0.177292	0.217653	0.272739	0.350401	0.464397	0.640589	0.932194	1.46289	2.57455	5.50149	17.2758	92.4692	29.0112	8.15156	3.71431	2.13702	1.40314	1.00257	0.75971	0.601141	0.49177	0.413097	0.354618	0.310012	0.275301	0.247899	0.226111	0.208862	0.19563	0.186634	0.183853	0.196294	0.284593	0.681647	0.214311	0.14796	0.130156	0.121606	0.116114	0.112037	0.10878	0.106076	0.103781	0.101809	0.100105	0.0986249	0.0973387	0.0962209	0.0952511	0.0944125	0.0936906	0.0930736	0.0925511	0.0921147	0.0917569	0.091472	0.0912553	0.091103	0.0910126	0.09098270.0127805	0.012797	0.0128469	0.0129304	0.0130485	0.0132023	0.0133932	0.013623	0.0138941	0.0142092	0.0145716	0.0149852	0.0154545	0.0159848	0.0165823	0.0172545	0.0180098	0.0188583	0.0198119	0.0208846	0.0220928	0.0234564	0.0249989	0.0267488	0.0287403	0.0310151	0.0336246	0.036632	0.0401161	0.0441761	0.048938	0.0545636	0.0612634	0.0693149	0.0790898	0.0910944	0.106032	0.1249	0.149154	0.180975	0.223752	0.282968	0.367963	0.495656	0.699249	1.05111	1.73366	3.3176	8.34502	37.9605	66.68	12.5573	4.67381	2.42963	1.50127	1.02974	0.757404	0.585687	0.470303	0.388957	0.329427	0.284554	0.249925	0.222703	0.201014	0.183606	0.169674	0.158806	0.151122	0.147993	0.155768	0.217665	0.532958	0.170327	0.119815	0.106124	0.0993851	0.0949606	0.0916218	0.0889223	0.0866595	0.0847249	0.0830522	0.0815965	0.0803252	0.0792132	0.0782405	0.0773905	0.0766497	0.0760062	0.0754504	0.0749735	0.0745686	0.0742293	0.0739506	0.0737281	0.0735586	0.0734393	0.0733685	0.0733450.0133783	0.0133962	0.01345	0.0135403	0.0136679	0.0138341	0.0140406	0.0142895	0.0145833	0.0149252	0.0153188	0.0157687	0.0162799	0.0168586	0.017512	0.0182486	0.0190782	0.0200127	0.0210659	0.0222543	0.0235976	0.0251194	0.0268481	0.0288183	0.0310719	0.0336607	0.0366487	0.0401161	0.044164	0.0489212	0.0545542	0.0612805	0.0693885	0.0792669	0.0914491	0.106682	0.126038	0.151096	0.184255	0.229309	0.292519	0.384815	0.526645	0.759844	1.181	2.05496	4.32957	13.4107	84.5496	27.1491	6.97316	3.07532	1.73731	1.12599	0.79615	0.597799	0.469084	0.380722	0.317385	0.270418	0.23463	0.206757	0.18467	0.166941	0.152602	0.14102	0.131856	0.125163	0.121904	0.126653	0.170893	0.422559	0.137804	0.0988595	0.0881464	0.0827285	0.0790893	0.0762983	0.0740155	0.0720854	0.0704238	0.0689783	0.0677132	0.0666024	0.0656253	0.0647657	0.0640099	0.0633467	0.0627664	0.0622606	0.0618221	0.061445	0.0611238	0.0608541	0.060632	0.0604545	0.060319	0.0602236	0.0601669	0.0601480.014026	0.0140454	0.0141037	0.0142014	0.0143397	0.0145199	0.0147438	0.015014	0.0153333	0.0157052	0.016134	0.0166248	0.0171834	0.017817	0.0185339	0.0193438	0.0202584	0.0212914	0.0224593	0.0237816	0.025282	0.0269887	0.0289364	0.0311672	0.0337332	0.0366991	0.0401459	0.0441761	0.0489212	0.0545512	0.0612895	0.0694339	0.0793879	0.091709	0.107184	0.126951	0.152705	0.187057	0.23419	0.301146	0.400501	0.556503	0.820799	1.31957	2.42974	5.7105	22.9884	88.5325	13.7582	4.51422	2.21532	1.32325	0.886748	0.640793	0.488425	0.387394	0.316897	0.265718	0.227376	0.197912	0.174799	0.156366	0.141479	0.129364	0.119502	0.111604	0.105676	0.102404	0.105137	0.137216	0.339091	0.113294	0.0829283	0.0744104	0.0699738	0.066924	0.0645478	0.062583	0.0609085	0.0594576	0.0581885	0.0570722	0.0560872	0.0552166	0.0544468	0.0537664	0.0531658	0.0526368	0.0521724	0.0517664	0.0514135	0.0511092	0.0508494	0.0506308	0.0504505	0.0503061	0.0501958	0.050118	0.0500718	0.05005640.0147278	0.0147488	0.014812	0.0149182	0.0150683	0.0152641	0.0155077	0.0158018	0.0161496	0.0165554	0.0170238	0.0175608	0.0181731	0.018869	0.0196581	0.0205518	0.0215637	0.0227102	0.0240107	0.0254885	0.0271721	0.029096	0.0313023	0.0338433	0.036784	0.040206	0.0442129	0.048938	0.0545542	0.0612895	0.0694493	0.0794493	0.0918675	0.107525	0.127618	0.153947	0.189313	0.23827	0.308607	0.414541	0.584257	0.880101	1.46293	2.85613	7.58412	41.5273	46.2759	8.41846	3.23038	1.70197	1.05695	0.725476	0.532645	0.410493	0.328161	0.269988	0.227338	0.195129	0.170214	0.150558	0.134801	0.122014	0.111553	0.102983	0.0960483	0.0907246	0.0874994	0.0888602	0.112353	0.27497	0.0945124	0.0705972	0.0637229	0.0600275	0.0574277	0.0553712	0.0536533	0.0521784	0.0508931	0.0497633	0.048765	0.0478804	0.0470951	0.0463976	0.0457782	0.0452288	0.0447421	0.0443122	0.0439337	0.0436019	0.0433129	0.043063	0.0428493	0.0426691	0.0425203	0.042401	0.0423097	0.0422453	0.042207	0.04219420.0154882	0.0155111	0.0155799	0.0156954	0.0158588	0.0160721	0.0163377	0.0166586	0.0170386	0.0174825	0.0179957	0.0185849	0.0192582	0.0200249	0.0208963	0.0218859	0.0230098	0.0242872	0.0257413	0.0274004	0.0292988	0.0314787	0.0339922	0.0369045	0.0402974	0.0442753	0.0489723	0.0545636	0.0612805	0.0694339	0.0794493	0.0919207	0.107697	0.128024	0.154791	0.190968	0.241436	0.314677	0.426467	0.608875	0.93536	1.60542	3.32446	10.0813	72.6158	25.2281	5.83537	2.48096	1.37278	0.876511	0.612188	0.454723	0.35328	0.284047	0.234657	0.19817	0.170445	0.148888	0.131804	0.118054	0.106852	0.0976495	0.0900688	0.0838814	0.0790403	0.0758916	0.0763004	0.0936062	0.225016	0.0799078	0.0609025	0.0552763	0.052149	0.0498979	0.0480913	0.046568	0.0452514	0.044098	0.0430797	0.0421763	0.0413727	0.0406567	0.0400182	0.0394489	0.0389416	0.0384902	0.0380893	0.0377341	0.0374206	0.0371453	0.0369049	0.0366966	0.0365182	0.0363676	0.036243	0.0361429	0.0360663	0.0360122	0.03598	0.03596930.0163123	0.0163372	0.0164122	0.0165382	0.0167166	0.0169495	0.0172398	0.0175908	0.0180071	0.0184939	0.0190577	0.0197062	0.0204487	0.0212961	0.0222618	0.0233615	0.0246143	0.0260432	0.0276762	0.0295474	0.0316987	0.034182	0.0370624	0.0404218	0.0443646	0.0490255	0.0545806	0.0612634	0.0693885	0.0793879	0.0918675	0.107697	0.128161	0.155219	0.191978	0.2436	0.319164	0.435845	0.629334	0.983962	1.73969	3.81427	13.2919	98.6594	16.0377	4.41001	2.00932	1.15076	0.749544	0.530148	0.397109	0.31031	0.250508	0.207534	0.175602	0.151225	0.132194	0.117061	0.104844	0.0948597	0.086629	0.0798188	0.0742196	0.0697682	0.0667076	0.0664459	0.0792126	0.185617	0.0684034	0.0531764	0.0485095	0.0458233	0.0438459	0.0422373	0.0408692	0.0396796	0.0386326	0.0377045	0.0368783	0.0361409	0.0354817	0.0348918	0.034364	0.0338918	0.0334699	0.0330934	0.0327583	0.0324607	0.0321975	0.0319658	0.0317631	0.0315873	0.0314364	0.0313088	0.0312031	0.0311181	0.031053	0.031007	0.0309797	0.03097060.0172054	0.0172326	0.0173146	0.0174523	0.0176475	0.0179025	0.0182205	0.0186056	0.0190627	0.0195981	0.0202192	0.020935	0.0217562	0.0226959	0.0237695	0.0249959	0.0263978	0.0280027	0.0298445	0.0319648	0.0344152	0.0372602	0.0405814	0.044483	0.0490995	0.0546072	0.0612402	0.0693149	0.0792669	0.091709	0.107525	0.128024	0.155219	0.192318	0.244698	0.321919	0.442316	0.644708	1.02329	1.85722	4.29257	17.1707	91.5698	11.5048	3.55265	1.69713	0.995754	0.657813	0.469437	0.353708	0.277493	0.224613	0.186408	0.157899	0.136057	0.118957	0.105324	0.0942916	0.0852544	0.0777844	0.0715811	0.0664496	0.0623152	0.0593442	0.0586039	0.0679892	0.154205	0.0592367	0.0469459	0.0430243	0.0406845	0.0389241	0.0374741	0.0362311	0.0351443	0.0341839	0.0333296	0.0325668	0.031884	0.0312716	0.0307222	0.0302289	0.0297862	0.0293892	0.0290335	0.0287154	0.0284316	0.0281791	0.0279553	0.027758	0.0275851	0.0274349	0.0273058	0.0271965	0.0271058	0.0270329	0.026977	0.0269374	0.0269139	0.0269060.0181735	0.0182033	0.0182931	0.0184441	0.0186581	0.0189378	0.0192871	0.0197105	0.0202138	0.0208041	0.0214902	0.0222825	0.0231936	0.0242388	0.0254366	0.0268091	0.0283838	0.0301939	0.0322805	0.0346948	0.0375006	0.0407789	0.0446331	0.0491971	0.0546461	0.0612139	0.0692164	0.0790898	0.0914491	0.107184	0.127618	0.154791	0.191978	0.244698	0.322849	0.44562	0.654255	1.051	1.94925	4.71548	21.4155	70.7901	9.02626	3.00873	1.48398	0.885211	0.590448	0.423893	0.320618	0.25215	0.20441	0.169786	0.143872	0.12397	0.108356	0.0958869	0.0857789	0.0774847	0.0706148	0.0648932	0.0601363	0.0562607	0.0533749	0.0522885	0.0591208	0.128924	0.0518588	0.0418694	0.0385325	0.0364671	0.0348806	0.0335585	0.0324171	0.0314144	0.030525	0.0297315	0.0290211	0.0283834	0.0278102	0.0272945	0.0268302	0.0264123	0.0260363	0.0256984	0.0253949	0.025123	0.0248799	0.0246633	0.024471	0.0243011	0.024152	0.0240223	0.0239107	0.0238161	0.0237376	0.0236744	0.0236259	0.0235916	0.0235711	0.02356430.0192229	0.0192557	0.0193543	0.01952	0.0197552	0.0200629	0.0204474	0.020914	0.0214695	0.0221221	0.0228821	0.0237616	0.0247754	0.0259417	0.0272824	0.0288241	0.0305997	0.0326498	0.0350246	0.0377873	0.0410178	0.0448185	0.0493216	0.0547011	0.0611884	0.0690975	0.0788619	0.0910944	0.106682	0.126951	0.153947	0.190968	0.2436	0.321919	0.44562	0.657493	1.06534	2.00805	5.03437	25.4004	55.3318	7.58969	2.65513	1.33665	0.805766	0.540683	0.389546	0.295257	0.232474	0.188559	0.156632	0.13269	0.114276	0.0998114	0.0882467	0.0788623	0.071153	0.0647581	0.0594202	0.054964	0.0512997	0.0484915	0.0471517	0.0520335	0.108413	0.0458682	0.0376965	0.0348219	0.0329755	0.0315292	0.030311	0.0292527	0.028319	0.0274882	0.0267451	0.0260781	0.0254782	0.0249376	0.0244502	0.0240103	0.0236134	0.0232553	0.0229324	0.0226416	0.0223799	0.0221451	0.0219348	0.021747	0.0215801	0.0214324	0.0213027	0.0211897	0.0210923	0.0210097	0.020941	0.0208857	0.0208433	0.0208132	0.0207953	0.02078930.0203607	0.0203967	0.0205052	0.0206876	0.0209466	0.0212858	0.02171	0.0222254	0.02284	0.0235634	0.0244074	0.0253864	0.0265179	0.0278234	0.0293291	0.0310671	0.0330772	0.035409	0.0381244	0.0413022	0.045043	0.0494773	0.0547764	0.0611687	0.0689638	0.0785902	0.0906533	0.106032	0.126038	0.152705	0.189313	0.241436	0.319164	0.442316	0.654255	1.06534	2.02829	5.20646	28.2901	46.6154	6.7544	2.42751	1.23592	0.749194	0.504176	0.363769	0.27588	0.217223	0.176125	0.146212	0.12376	0.106481	0.0929002	0.082037	0.0732175	0.0659676	0.0599482	0.0549155	0.0507004	0.0472077	0.0444675	0.0429395	0.0463154	0.0916563	0.0409671	0.0342404	0.0317337	0.0300631	0.0287304	0.027597	0.0266068	0.0257301	0.0249477	0.0242464	0.0236157	0.0230472	0.0225341	0.0220704	0.0216511	0.0212719	0.020929	0.020619	0.0203389	0.0200862	0.0198585	0.0196537	0.0194701	0.0193059	0.0191597	0.0190303	0.0189164	0.018817	0.0187314	0.0186586	0.0185981	0.0185493	0.0185118	0.0184853	0.0184695	0.01846420.0215942	0.0216339	0.0217535	0.0219548	0.0222406	0.0226152	0.0230842	0.023655	0.0243366	0.0251403	0.0260801	0.0271728	0.0284394	0.0299054	0.0316022	0.0335686	0.0358533	0.038517	0.0416368	0.0453114	0.0496689	0.0548772	0.0611604	0.0688222	0.0782829	0.0901369	0.105246	0.1249	0.151096	0.187057	0.23827	0.314677	0.435845	0.644708	1.051	2.00805	5.20646	29.3508	42.7915	6.31466	2.29088	1.1704	0.710331	0.478091	0.344797	0.261286	0.205524	0.166446	0.138001	0.116653	0.100224	0.0873134	0.0769872	0.0686039	0.0617116	0.0559865	0.0511947	0.0471713	0.0438166	0.041134	0.0394639	0.041666	0.0778895	0.0369317	0.0313601	0.0291475	0.0276187	0.0263782	0.0253142	0.02438	0.0235501	0.022808	0.0221413	0.0215408	0.0209986	0.0205084	0.0200647	0.0196628	0.0192986	0.0189685	0.0186695	0.0183986	0.0181535	0.017932	0.0177321	0.0175521	0.0173904	0.0172456	0.0171166	0.0170022	0.0169014	0.0168134	0.0167375	0.0166729	0.0166192	0.0165759	0.0165425	0.0165189	0.0165049	0.01650020.0229316	0.0229754	0.0231075	0.0233299	0.023646	0.0240606	0.0245804	0.0252138	0.0259715	0.0268667	0.0279157	0.0291388	0.0305607	0.032212	0.0341305	0.0363637	0.0389708	0.0420273	0.0456294	0.0499022	0.0550095	0.0611702	0.0686804	0.0779499	0.0895577	0.104344	0.123562	0.149154	0.184255	0.23419	0.308607	0.426467	0.629334	1.02329	1.94925	5.03437	28.2901	42.7915	6.1771	2.22663	1.13341	0.685964	0.460583	0.331444	0.250649	0.196767	0.159048	0.131619	0.111053	0.0952394	0.0828214	0.0728956	0.0648414	0.0582218	0.0527232	0.0481184	0.0442449	0.0409992	0.0383631	0.0365833	0.0378626	0.0665299	0.0335924	0.0289478	0.0269712	0.0255567	0.0243911	0.0233836	0.0224954	0.0217042	0.0209952	0.0203573	0.0197819	0.0192616	0.0187906	0.0183636	0.0179763	0.0176247	0.0173055	0.0170157	0.0167526	0.016514	0.0162978	0.016102	0.0159252	0.0157657	0.0156222	0.0154937	0.0153789	0.0152771	0.0151873	0.0151088	0.015041	0.0149833	0.0149353	0.0148966	0.0148667	0.0148456	0.014833	0.01482880.0243815	0.0244299	0.0245761	0.0248224	0.0251726	0.0256324	0.0262096	0.026914	0.0277581	0.0287575	0.0299315	0.0313041	0.0329049	0.0347707	0.0369475	0.0394929	0.0424803	0.0460033	0.0501835	0.0551802	0.0612056	0.0685472	0.0776019	0.08893	0.103343	0.122051	0.146925	0.180975	0.229309	0.301146	0.414541	0.608875	0.983962	1.85722	4.71548	25.4004	46.6154	6.31466	2.22663	1.12144	0.674214	0.4505	0.32293	0.243406	0.190524	0.153594	0.126793	0.106732	0.091331	0.0792533	0.0696106	0.0617939	0.0553743	0.0500442	0.04558	0.0418205	0.0386581	0.0360573	0.0341902	0.0347383	0.0571293	0.0308187	0.0269203	0.0251331	0.0238107	0.0227056	0.0217441	0.0208933	0.0201338	0.019452	0.0188378	0.0182831	0.017781	0.0173259	0.0169129	0.0165377	0.0161966	0.0158865	0.0156045	0.015348	0.0151149	0.0149031	0.0147109	0.0145367	0.0143791	0.0142368	0.0141087	0.0139937	0.013891	0.0137997	0.0137192	0.0136487	0.0135878	0.013536	0.0134928	0.0134579	0.013431	0.013412	0.0134006	0.01339690.025953	0.0260067	0.0261688	0.0264419	0.0268306	0.0273416	0.0279838	0.0287687	0.0297111	0.0308294	0.0321465	0.033691	0.0354984	0.0376131	0.0400911	0.0430033	0.0464406	0.0505204	0.0553969	0.0612752	0.0684324	0.077251	0.0882695	0.102266	0.1204	0.144454	0.177292	0.223752	0.292519	0.400501	0.584257	0.93536	1.73969	4.29257	21.4155	55.3318	6.7544	2.29088	1.13341	0.674214	0.447206	0.318785	0.239195	0.186509	0.149849	0.123325	0.103523	0.0883542	0.0764814	0.0670184	0.0593582	0.0530747	0.0478621	0.0434979	0.0398203	0.0367181	0.0341411	0.032202	0.0321666	0.0493398	0.0285101	0.0252127	0.0235773	0.0223286	0.021272	0.0203475	0.0195269	0.0187929	0.0181333	0.0175384	0.0170006	0.0165134	0.0160714	0.0156698	0.0153046	0.0149723	0.0146697	0.0143941	0.0141431	0.0139145	0.0137065	0.0135172	0.0133452	0.0131891	0.0130478	0.01292	0.0128048	0.0127013	0.0126088	0.0125265	0.0124539	0.0123902	0.0123352	0.0122883	0.0122492	0.0122176	0.0121933	0.0121761	0.0121658	0.01216240.0276561	0.0277157	0.0278957	0.0281991	0.0286314	0.0292001	0.0299159	0.0307924	0.0318467	0.0331008	0.034582	0.0363243	0.0383705	0.0407747	0.0436052	0.0469496	0.0509212	0.0556683	0.0613881	0.0683467	0.07691	0.0875927	0.101136	0.11864	0.141791	0.173287	0.217653	0.282968	0.384815	0.556503	0.880101	1.60542	3.81427	17.1707	70.7901	7.58969	2.42751	1.1704	0.685964	0.4505	0.318785	0.237814	0.184544	0.14766	0.121083	0.101308	0.0862042	0.0744121	0.065034	0.0574569	0.0512514	0.0461101	0.041809	0.0381845	0.035121	0.0325562	0.0305548	0.0300508	0.0428899	0.026588	0.0237743	0.0222595	0.0210691	0.0200508	0.0191555	0.0183588	0.0176452	0.0170032	0.0164238	0.0158996	0.0154244	0.0149929	0.0146006	0.0142436	0.0139183	0.0136218	0.0133515	0.0131049	0.01288	0.0126749	0.012488	0.0123178	0.0121629	0.0120222	0.0118946	0.0117792	0.0116751	0.0115814	0.0114976	0.011423	0.011357	0.0112993	0.0112493	0.0112066	0.0111711	0.0111423	0.0111202	0.0111045	0.0110951	0.0110920.029501	0.0295674	0.0297675	0.0301052	0.0305866	0.0312208	0.03202	0.0330004	0.0341824	0.0355918	0.0372612	0.0392315	0.0415546	0.0442962	0.0475402	0.0513955	0.0560042	0.0615548	0.0683015	0.0765928	0.0869172	0.0999763	0.116806	0.138989	0.16904	0.21115	0.272739	0.367963	0.526645	0.820799	1.46293	3.32446	13.2919	91.5698	9.02626	2.65513	1.23592	0.710331	0.460583	0.32293	0.239195	0.184544	0.14694	0.119982	0.100009	0.0848088	0.0729785	0.0635953	0.056032	0.0498504	0.0447373	0.04046